camera_pos: 0 5 -17
camera_fwd: 0 0.15 -1
camera_up: 0 1 0
camera_fov_ha: 35
output_image: sculptures.png

# Ground plane
material: 0.3 0.3 0.3 0.6 0.6 0.6 0.5 0.5 0.5 96 0.3 0.3 0.3 1.4
plane: 0 0 0 0 1 0

# Back wall plane
material: 0.5 0.45 0.4 0.9 0.85 0.8 0.2 0.2 0.2 16 0.1 0 0 0.1
plane: 0 5 15 0 0 -1

# Left wall plane
material: 0.45 0.4 0.5 0.85 0.8 0.9 0.2 0.2 0.2 16 0 0 0 1.1
plane: -15 5 0 1 0 0

material: 0.2 0.2 0.2 0.4 0.4 0.4 0.7 0.7 0.7 128 0.2 0.2 0.2 1.5
box: -2.5 0 -1.5 2.5 0.3 1.5

material: 0.8 0.8 0.8 0.9 0.9 0.9 0.9 0.9 0.9 256 0.4 0.4 0.4 1.6
cylinder: 0 0.3 0 0 1 0 1.2 0.8

material: 0.9 0.7 0.2 1 0.8 0.3 1 0.95 0.7 256 0.5 0.4 0.2 1.7
cone: 0 9 0 0 -1 0 12 7.9

material: 0.7 0.2 0.3 0.8 0.3 0.4 0.6 0.6 0.6 64 0.15 0.1 0.15 1.3
box: -7 0 2 -5.5 1.5 3.5

material: 0.8 0.3 0.2 0.9 0.4 0.3 0.7 0.7 0.7 64 0.2 0.15 0.1 1.3
box: -6.8 1.5 2.2 -5.2 3.2 3.8

material: 0.9 0.5 0.3 1 0.6 0.4 0.8 0.8 0.8 64 0.25 0.2 0.15 1.3
box: -6.5 3.2 2.5 -5 5 4

material: 0.3 0.6 0.8 0.4 0.7 0.9 0.8 0.8 0.9 128 0.3 0.4 0.5 1.4
cylinder: -5.75 5 3.25 0 1 0 0.5 1.2

material: 0.2 0.5 0.7 0.3 0.6 0.8 0.9 0.9 1 128 0.4 0.5 0.6 1.5
cone: -5.75 7.2 3.25 0 -1 0 18 1

material: 0.3 0.3 0.35 0.5 0.5 0.55 0.4 0.4 0.4 48 0.1 0.1 0.1 1.2
box: 5 0 1 8 2 4

material: 0.6 0.2 0.2 0.7 0.3 0.3 0.5 0.5 0.5 64 0.15 0.1 0.1 1.25
cylinder: 5.5 2 1.5 0 1 0 0.4 3.5

material: 0.2 0.6 0.3 0.3 0.7 0.4 0.5 0.5 0.5 64 0.1 0.15 0.1 1.25
cylinder: 6.5 2 1.5 0 1 0 0.4 4.2

material: 0.2 0.3 0.6 0.3 0.4 0.7 0.5 0.5 0.5 64 0.1 0.1 0.15 1.25
cylinder: 5.5 2 3.5 0 1 0 0.4 3.8

material: 0.6 0.5 0.2 0.7 0.6 0.3 0.5 0.5 0.5 64 0.15 0.12 0.1 1.25
cylinder: 6.5 2 3.5 0 1 0 0.4 4.5

material: 0.8 0.3 0.3 0.9 0.4 0.4 0.7 0.7 0.7 96 0.2 0.15 0.15 1.3
cone: 5.5 5.5 1.5 0 -1 0 25 0.8

material: 0.3 0.8 0.4 0.4 0.9 0.5 0.7 0.7 0.7 96 0.15 0.2 0.15 1.3
cone: 6.5 6.2 1.5 0 -1 0 25 0.9

material: 0.3 0.4 0.8 0.4 0.5 0.9 0.7 0.7 0.7 96 0.15 0.15 0.2 1.3
cone: 5.5 5.8 3.5 0 -1 0 25 0.85

material: 0.8 0.7 0.3 0.9 0.8 0.4 0.7 0.7 0.7 96 0.2 0.18 0.15 1.3
cone: 6.5 6.5 3.5 0 -1 0 25 0.95

material: 0.4 0.3 0.2 0.6 0.5 0.4 0.4 0.4 0.4 48 0.1 0.1 0.1 1.2
cylinder: -10 0 10 0 1 0 1.5 1.5

material: 0.5 0.4 0.3 0.7 0.6 0.5 0.5 0.5 0.5 64 0.15 0.15 0.15 1.25
cylinder: -10 1.5 10 0 1 0 1.2 2.5

material: 0.6 0.5 0.4 0.8 0.7 0.6 0.6 0.6 0.6 80 0.2 0.2 0.2 1.3
cylinder: -10 4 10 0 1 0 0.9 3

material: 0.8 0.6 0.2 0.9 0.7 0.3 0.8 0.8 0.7 128 0.3 0.25 0.15 1.4
cone: -10 9 10 0 -1 0 20 2

material: 0.2 0.2 0.25 0.4 0.4 0.45 0.8 0.8 0.8 128 0.4 0.4 0.4 1.5
cylinder: -8 0 -5 0 1 0 0.6 5

material: 0.3 0.3 0.35 0.5 0.5 0.55 0.9 0.9 0.9 128 0.5 0.5 0.5 1.6
cone: -8 7 -5 0 -1 0 22 2

material: 0.5 0.4 0.3 0.7 0.6 0.5 0.5 0.5 0.5 64 0.15 0.15 0.15 1.25
box: 7 0 -6 9 0.5 -4

material: 0.7 0.3 0.5 0.8 0.4 0.6 0.7 0.7 0.7 96 0.2 0.15 0.18 1.35
cylinder: 8 0.5 -5 0 1 0 0.7 2.5

material: 0.8 0.5 0.7 0.9 0.6 0.8 0.8 0.8 0.8 128 0.25 0.2 0.22 1.4
cone: 8 4 -5 0 -1 0 28 1

material: 0.25 0.25 0.28 0.5 0.5 0.53 0.3 0.3 0.3 32 0.15 0.15 0.15 1.2
plane: 0 12 0 0 -1 0

material: 0.4 0.4 0.45 0.6 0.6 0.65 0.6 0.6 0.6 80 0.2 0.2 0.2 1.3
box: 2 0 -8 3 0.8 -7

material: 0.45 0.4 0.4 0.65 0.6 0.6 0.6 0.6 0.6 80 0.2 0.2 0.2 1.3
box: -2.5 0 -7 -1.5 0.6 -6

point_light: 20 20 20 0 10 -5
point_light: 20 20 20 -8 8 5
point_light: 20 20 20 8 8 5
point_light: 20 20 20 0 11 8
ambient_light: 0.1 0.1 0.1
background: 0.08 0.1 0.12
max_depth: 4